id,predict_0,predict_1,predict_2
11066,0.810560113,0.100919005,0.088520882
18000,0.533542563,0.145241417,0.32121602
16964,0.813410458,0.097757375,0.088832167
4795,0.545781693,0.328023226,0.126195081
3392,0.378243736,0.440102486,0.181653778
3795,0.564316504,0.308156104,0.127527392
2881,0.813410458,0.097757375,0.088832167
1903,0.49894004,0.207086056,0.293973904
5245,0.740066718,0.163945526,0.095987756
6726,0.631132714,0.235065777,0.133801509
1311,0.756291375,0.151818052,0.091890573
15795,0.583021666,0.302945912,0.114032422
4315,0.674467149,0.232198694,0.093334157
3393,0.38206975,0.253301145,0.364629104
6764,0.658247703,0.247333926,0.094418372
13039,0.583021666,0.302945912,0.114032422
12331,0.666848742,0.203484998,0.12966626
14276,0.563877813,0.313877417,0.12224477
14638,0.583021666,0.302945912,0.114032422
6573,0.802714011,0.109621976,0.087664013
2222,0.245364925,0.169807549,0.584827526
8824,0.813410458,0.097757375,0.088832167
6360,0.673196155,0.231761129,0.095042716
7553,0.33355234,0.230838638,0.435609021
13760,0.557332202,0.307126028,0.13554177
4284,0.563877813,0.313877417,0.12224477
1356,0.703578057,0.199059358,0.097362585
3410,0.751433932,0.156775979,0.091790089
4830,0.497014272,0.377051282,0.125934445
8998,0.335485373,0.522709765,0.141804862
18052,0.69287195,0.198017258,0.109110793
7539,0.813410458,0.097757375,0.088832167
9529,0.767281224,0.138992889,0.093725887
3656,0.634350961,0.251031532,0.114617507
14238,0.562730322,0.31010074,0.127168937
2682,0.554294638,0.323816867,0.121888496
7312,0.562730322,0.31010074,0.127168937
12971,0.653807249,0.197027267,0.149165484
10735,0.583021666,0.302945912,0.114032422
4050,0.664535713,0.230766421,0.104697866
5943,0.63047799,0.268467623,0.101054387
6482,0.545802632,0.338486023,0.115711346
9746,0.215114518,0.148872415,0.636013068
13320,0.290487694,0.204802234,0.504710073
803,0.562730322,0.31010074,0.127168937
15437,0.673196155,0.231761129,0.095042716
12302,0.797178261,0.115762282,0.087059457
12271,0.438624528,0.473771546,0.087603927
5341,0.67544632,0.193215653,0.131338027
4427,0.802714011,0.109621976,0.087664013
529,0.60607937,0.266758843,0.127161787
2022,0.753402951,0.151602989,0.09499406
14625,0.765302562,0.151119111,0.083578327
2922,0.365632957,0.265208546,0.369158497
16330,0.324165785,0.225247169,0.450587045
12890,0.813410458,0.097757375,0.088832167
2140,0.583021666,0.302945912,0.114032422
13484,0.567193502,0.312560241,0.120246257
12392,0.759234556,0.14851727,0.092248174
2322,0.245364925,0.169807549,0.584827526
567,0.238902321,0.188935644,0.572162035
4436,0.802714011,0.109621976,0.087664013
12156,0.802714011,0.109621976,0.087664013
7508,0.562730322,0.31010074,0.127168937
6184,0.589274732,0.282974624,0.127750645
12213,0.742935513,0.168111875,0.088952612
6458,0.301229048,0.286439258,0.412331694
13967,0.745765786,0.132526284,0.121707929
894,0.763017058,0.145625941,0.091357001
7461,0.313116995,0.48162217,0.205260834
8949,0.631413924,0.267787642,0.100798434
3477,0.382079303,0.489945187,0.127975509
2779,0.813410458,0.097757375,0.088832167
13551,0.718709124,0.19893061,0.082360266
8297,0.757884615,0.150773543,0.091341842
5050,0.307211782,0.572124388,0.12066383
10716,0.631413924,0.267787642,0.100798434
16075,0.562046068,0.309723672,0.12823026
1366,0.562730322,0.31010074,0.127168937
774,0.813410458,0.097757375,0.088832167
7406,0.424982938,0.407787747,0.167229315
2526,0.514052902,0.344621551,0.141325546
9649,0.757884615,0.150773543,0.091341842
16115,0.459543086,0.403638386,0.136818528
14749,0.361997101,0.229895892,0.408107007
14952,0.595643748,0.269749355,0.134606897
4786,0.233295437,0.188927267,0.577777296
16513,0.813410458,0.097757375,0.088832167
2002,0.813410458,0.097757375,0.088832167
4701,0.674467149,0.232198694,0.093334157
7742,0.590421869,0.265989038,0.143589093
5905,0.655527494,0.244291302,0.100181203
685,0.624542875,0.22356989,0.151887235
11857,0.657551131,0.220789947,0.121658922
11628,0.38206975,0.253301145,0.364629104
15024,0.567193502,0.312560241,0.120246257
4168,0.742935513,0.168111875,0.088952612
11914,0.674467149,0.232198694,0.093334157
5293,0.813410458,0.097757375,0.088832167
3374,0.507760888,0.35762488,0.134614232
13055,0.813410458,0.097757375,0.088832167
17759,0.31476722,0.506316351,0.178916429
590,0.68029939,0.228038626,0.091661984
1353,0.759234556,0.14851727,0.092248174
11938,0.207308158,0.276744613,0.51594723
1018,0.290729986,0.428075172,0.281194842
14945,0.583021666,0.302945912,0.114032422
1001,0.567193502,0.312560241,0.120246257
3587,0.627644995,0.236285956,0.136069049
868,0.813410458,0.097757375,0.088832167
9296,0.25245297,0.202952568,0.544594462
12455,0.720393036,0.200933185,0.078673779
17132,0.562730322,0.31010074,0.127168937
10240,0.751433932,0.156775979,0.091790089
3696,0.184280283,0.157419014,0.658300703
10355,0.562730322,0.31010074,0.127168937
2206,0.642547484,0.259698813,0.097753703
14590,0.813410458,0.097757375,0.088832167
13191,0.631132714,0.235065777,0.133801509
5882,0.759234556,0.14851727,0.092248174
12653,0.583021666,0.302945912,0.114032422
1491,0.562730322,0.31010074,0.127168937
1176,0.562730322,0.31010074,0.127168937
11246,0.38206975,0.253301145,0.364629104
14557,0.340082444,0.433996762,0.225920794
4772,0.252693936,0.259088952,0.488217112
17192,0.693271391,0.220018765,0.086709844
10637,0.567193502,0.312560241,0.120246257
3281,0.644526415,0.221365577,0.134108008
3191,0.559821342,0.304031535,0.136147123
672,0.583021666,0.302945912,0.114032422
6301,0.567193502,0.312560241,0.120246257
10309,0.759234556,0.14851727,0.092248174
1734,0.602792959,0.288581539,0.108625502
2990,0.647265589,0.245543318,0.107191093
5746,0.634898071,0.257178674,0.107923255
15289,0.567193502,0.312560241,0.120246257
2971,0.813410458,0.097757375,0.088832167
9771,0.542025196,0.272534006,0.185440798
11253,0.277731593,0.596469974,0.125798433
14576,0.427536643,0.437814706,0.13464865
4688,0.375649707,0.261020863,0.36332943
14469,0.516242358,0.399500941,0.084256701
9298,0.654064595,0.218754975,0.12718043
16099,0.307211782,0.572124388,0.12066383
17316,0.418436071,0.38983554,0.191728389
15212,0.813410458,0.097757375,0.088832167
10691,0.765392568,0.142966008,0.091641424
3805,0.813410458,0.097757375,0.088832167
6418,0.350426953,0.53643606,0.113136987
1158,0.631413924,0.267787642,0.100798434
7768,0.731798975,0.164884686,0.103316339
4834,0.237479359,0.17138374,0.591136901
10914,0.583021666,0.302945912,0.114032422
14606,0.624907362,0.286867397,0.088225241
3220,0.627644995,0.236285956,0.136069049
10433,0.752648498,0.14973187,0.097619632
11251,0.419928719,0.189180723,0.390890558
8084,0.554294638,0.323816867,0.121888496
522,0.677087806,0.213227916,0.109684279
17299,0.620280624,0.248218535,0.131500842
15587,0.577657308,0.249439598,0.172903095
1563,0.303699368,0.184953464,0.511347169
8252,0.673196155,0.231761129,0.095042716
17802,0.531918758,0.119219503,0.348861738
2738,0.562730322,0.31010074,0.127168937
9896,0.567193502,0.312560241,0.120246257
14609,0.813410458,0.097757375,0.088832167
10463,0.813410458,0.097757375,0.088832167
1280,0.590421869,0.265989038,0.143589093
977,0.31859197,0.428280683,0.253127347
979,0.716065632,0.198198921,0.085735447
10908,0.813410458,0.097757375,0.088832167
12569,0.302322249,0.471240366,0.226437385
6078,0.557446157,0.125066626,0.317487216
18339,0.813410458,0.097757375,0.088832167
13799,0.185087585,0.344496236,0.470416179
7193,0.348348159,0.267124255,0.384527586
8243,0.523125344,0.338187602,0.138687054
13622,0.813410458,0.097757375,0.088832167
5885,0.731136095,0.189016882,0.079847023
5768,0.765392568,0.142966008,0.091641424
632,0.562730322,0.31010074,0.127168937
3314,0.813410458,0.097757375,0.088832167
3664,0.562730322,0.31010074,0.127168937
18518,0.567193502,0.312560241,0.120246257
7687,0.813410458,0.097757375,0.088832167
17889,0.562730322,0.31010074,0.127168937
12943,0.624213785,0.223979014,0.151807201
3581,0.567193502,0.312560241,0.120246257
13802,0.631413924,0.267787642,0.100798434
17702,0.307211782,0.572124388,0.12066383
12342,0.802714011,0.109621976,0.087664013
11185,0.802714011,0.109621976,0.087664013
15675,0.567193502,0.312560241,0.120246257
6716,0.567193502,0.312560241,0.120246257
17790,0.583021666,0.302945912,0.114032422
17791,0.564152787,0.31088461,0.124962602
6145,0.797178261,0.115762282,0.087059457
18237,0.357375075,0.502258417,0.140366509
10523,0.457682218,0.384598234,0.157719548
4356,0.335485373,0.522709765,0.141804862
7482,0.554294638,0.323816867,0.121888496
5856,0.604513333,0.248470566,0.147016101
5011,0.28934437,0.378753592,0.331902037
15872,0.813410458,0.097757375,0.088832167
6609,0.544098116,0.318037242,0.137864642
995,0.757121735,0.152227119,0.090651146
4680,0.745765786,0.132526284,0.121707929
18327,0.590421869,0.265989038,0.143589093
8484,0.631413924,0.267787642,0.100798434
16968,0.562730322,0.31010074,0.127168937
8305,0.813410458,0.097757375,0.088832167
7012,0.797178261,0.115762282,0.087059457
13465,0.307978541,0.38742535,0.30459611
8375,0.750168798,0.161075777,0.088755424
15629,0.307211782,0.572124388,0.12066383
12296,0.813410458,0.097757375,0.088832167
458,0.54643322,0.218317259,0.235249521
18124,0.553818763,0.158010789,0.288170448
4430,0.265281485,0.301174836,0.433543679
14443,0.46544526,0.408822545,0.125732195
15275,0.751433932,0.156775979,0.091790089
4470,0.26898385,0.201064497,0.529951653
13831,0.813410458,0.097757375,0.088832167
7696,0.740066718,0.163945526,0.095987756
15172,0.487499508,0.217193222,0.29530727
16647,0.714825916,0.197855782,0.087318301
14209,0.46544526,0.408822545,0.125732195
18121,0.621605974,0.27491338,0.103480646
12144,0.583021666,0.302945912,0.114032422
800,0.583021666,0.302945912,0.114032422
13200,0.535267067,0.351255151,0.113477783
5724,0.233295437,0.188927267,0.577777296
15722,0.647437261,0.195107648,0.157455091
6660,0.63047799,0.268467623,0.101054387
8394,0.797178261,0.115762282,0.087059457
5554,0.595643748,0.269749355,0.134606897
10381,0.753402951,0.151602989,0.09499406
15783,0.693271391,0.220018765,0.086709844
10907,0.567193502,0.312560241,0.120246257
11455,0.750168798,0.161075777,0.088755424
5992,0.274635814,0.406092137,0.319272049
16564,0.325048023,0.22495313,0.449998846
7933,0.557332202,0.307126028,0.13554177
16008,0.760042675,0.147610964,0.092346362
7265,0.481669615,0.35828253,0.160047854
11095,0.583021666,0.302945912,0.114032422
2181,0.375649707,0.261020863,0.36332943
8845,0.673196155,0.231761129,0.095042716
13617,0.751644925,0.166268292,0.082086783
17228,0.634350961,0.251031532,0.114617507
16321,0.720393036,0.200933185,0.078673779
14851,0.764747055,0.136064112,0.099188833
9613,0.813410458,0.097757375,0.088832167
3121,0.567193502,0.312560241,0.120246257
4840,0.813410458,0.097757375,0.088832167
18216,0.402783923,0.489590806,0.107625271
17113,0.643576419,0.265562619,0.090860963
4775,0.765392568,0.142966008,0.091641424
14105,0.640774829,0.203390367,0.155834805
4993,0.562730322,0.31010074,0.127168937
8901,0.694557229,0.135274632,0.170168139
15443,0.64635143,0.243778413,0.109870157
435,0.583021666,0.302945912,0.114032422
4595,0.329622216,0.440875962,0.229501822
14503,0.583021666,0.302945912,0.114032422
2191,0.264272126,0.631929489,0.103798385
2163,0.688878967,0.213864198,0.097256836
9987,0.813410458,0.097757375,0.088832167
16234,0.542025196,0.272534006,0.185440798
3834,0.38206975,0.253301145,0.364629104
13133,0.63047799,0.268467623,0.101054387
13909,0.542025196,0.272534006,0.185440798
9952,0.567193502,0.312560241,0.120246257
3666,0.554294638,0.323816867,0.121888496
6072,0.673196155,0.231761129,0.095042716
2936,0.295262664,0.228492039,0.476245297
6497,0.562730322,0.31010074,0.127168937
5645,0.813410458,0.097757375,0.088832167
15476,0.562730322,0.31010074,0.127168937
8472,0.813410458,0.097757375,0.088832167
15687,0.621605974,0.27491338,0.103480646
10682,0.759234556,0.14851727,0.092248174
10772,0.802714011,0.109621976,0.087664013
8156,0.490738586,0.212905889,0.296355526
10436,0.381549663,0.311874586,0.306575751
16827,0.797178261,0.115762282,0.087059457
12299,0.274635814,0.406092137,0.319272049
9258,0.375649707,0.261020863,0.36332943
4759,0.583021666,0.302945912,0.114032422
8989,0.645013467,0.249721241,0.105265292
14823,0.813410458,0.097757375,0.088832167
17270,0.335485373,0.522709765,0.141804862
2005,0.757884615,0.150773543,0.091341842
15757,0.642547484,0.259698813,0.097753703
14476,0.583021666,0.302945912,0.114032422
17243,0.20678743,0.471596759,0.321615811
3908,0.567193502,0.312560241,0.120246257
781,0.742935513,0.168111875,0.088952612
5398,0.541837927,0.22489091,0.233271163
2687,0.556483185,0.310864859,0.132651957
5017,0.674467149,0.232198694,0.093334157
140,0.658020664,0.223586026,0.11839331
14897,0.673196155,0.231761129,0.095042716
1487,0.562730322,0.31010074,0.127168937
18371,0.813410458,0.097757375,0.088832167
10170,0.765392568,0.142966008,0.091641424
3464,0.619165433,0.230255112,0.150579455
1535,0.673196155,0.231761129,0.095042716
1442,0.564152787,0.31088461,0.124962602
7249,0.562730322,0.31010074,0.127168937
17510,0.399944783,0.486139782,0.113915435
418,0.813410458,0.097757375,0.088832167
16274,0.303167301,0.302145212,0.394687487
12497,0.46544526,0.408822545,0.125732195
17309,0.622994302,0.251503577,0.12550212
3891,0.73432779,0.177750212,0.087921998
8437,0.813410458,0.097757375,0.088832167
9950,0.567193502,0.312560241,0.120246257
5316,0.673196155,0.231761129,0.095042716
12979,0.583021666,0.302945912,0.114032422
14648,0.631132714,0.235065777,0.133801509
8194,0.673196155,0.231761129,0.095042716
10386,0.274635814,0.406092137,0.319272049
12749,0.250107739,0.471324604,0.278567657
16508,0.67575391,0.209053915,0.115192174
16386,0.693271391,0.220018765,0.086709844
12933,0.631132714,0.235065777,0.133801509
2830,0.567193502,0.312560241,0.120246257
11528,0.583021666,0.302945912,0.114032422
15904,0.813410458,0.097757375,0.088832167
16390,0.674467149,0.232198694,0.093334157
14036,0.813410458,0.097757375,0.088832167
17215,0.813410458,0.097757375,0.088832167
14404,0.731136095,0.189016882,0.079847023
12101,0.255312931,0.377520223,0.367166846
10812,0.375593209,0.517427364,0.106979427
4374,0.813410458,0.097757375,0.088832167
9719,0.350426953,0.53643606,0.113136987
8520,0.35699047,0.483007296,0.160002234
15621,0.381549663,0.311874586,0.306575751
7173,0.274635814,0.406092137,0.319272049
7544,0.765392568,0.142966008,0.091641424
7253,0.523457864,0.321946817,0.154595319
16731,0.674467149,0.232198694,0.093334157
17278,0.567193502,0.312560241,0.120246257
16327,0.760042675,0.147610964,0.092346362
15845,0.732532788,0.14791889,0.119548323
6750,0.303090072,0.235359874,0.461550054
7674,0.703578057,0.199059358,0.097362585
17416,0.562730322,0.31010074,0.127168937
9050,0.55499395,0.310032936,0.134973114
8931,0.184406177,0.512619553,0.30297427
13146,0.38206975,0.253301145,0.364629104
11584,0.724924641,0.195906686,0.079168673
8322,0.583021666,0.302945912,0.114032422
16067,0.674467149,0.232198694,0.093334157
11438,0.757884615,0.150773543,0.091341842
677,0.567193502,0.312560241,0.120246257
7475,0.638502415,0.258063915,0.10343367
13400,0.740066718,0.163945526,0.095987756
10255,0.63047799,0.268467623,0.101054387
17987,0.760042675,0.147610964,0.092346362
13651,0.286567694,0.399412123,0.314020182
8226,0.745765786,0.132526284,0.121707929
7643,0.673196155,0.231761129,0.095042716
10318,0.212156624,0.18739744,0.600445936
12382,0.764723779,0.136090408,0.099185814
2912,0.265281485,0.301174836,0.433543679
2254,0.282538329,0.401667947,0.315793724
13110,0.750834058,0.159267628,0.089898315
8355,0.375649707,0.261020863,0.36332943
10753,0.802714011,0.109621976,0.087664013
17974,0.407462496,0.394532918,0.198004586
7588,0.764747055,0.136064112,0.099188833
3209,0.765392568,0.142966008,0.091641424
16325,0.750168798,0.161075777,0.088755424
12009,0.757884615,0.150773543,0.091341842
7141,0.350426953,0.53643606,0.113136987
7584,0.510943271,0.314249859,0.17480687
171,0.583021666,0.302945912,0.114032422
14412,0.740066718,0.163945526,0.095987756
16111,0.554294638,0.323816867,0.121888496
17959,0.760042675,0.147610964,0.092346362
401,0.634350961,0.251031532,0.114617507
16571,0.389416752,0.457631703,0.152951545
3294,0.562730322,0.31010074,0.127168937
16220,0.42997068,0.24716353,0.322865789
2404,0.813410458,0.097757375,0.088832167
11002,0.693271391,0.220018765,0.086709844
372,0.562730322,0.31010074,0.127168937
15477,0.742935513,0.168111875,0.088952612
41,0.63047799,0.268467623,0.101054387
8671,0.813410458,0.097757375,0.088832167
8129,0.567030184,0.257653909,0.175315908
14683,0.631413924,0.267787642,0.100798434
9873,0.797178261,0.115762282,0.087059457
13577,0.700877099,0.19285603,0.106266871
16132,0.813410458,0.097757375,0.088832167
10100,0.731798975,0.164884686,0.103316339
5629,0.562730322,0.31010074,0.127168937
16618,0.402783923,0.489590806,0.107625271
16876,0.252522397,0.379761582,0.36771602
16036,0.813410458,0.097757375,0.088832167
9322,0.241782647,0.175374848,0.582842505
8549,0.813410458,0.097757375,0.088832167
18132,0.750168798,0.161075777,0.088755424
13487,0.567193502,0.312560241,0.120246257
6904,0.716065632,0.198198921,0.085735447
2799,0.319922028,0.554421928,0.125656044
9694,0.651158552,0.207674823,0.141166624
4417,0.391264105,0.502711568,0.106024327
1494,0.742935513,0.168111875,0.088952612
13929,0.359561981,0.50295014,0.137487879
6530,0.401124374,0.424707645,0.174167981
2483,0.673196155,0.231761129,0.095042716
3301,0.583021666,0.302945912,0.114032422
11323,0.759234556,0.14851727,0.092248174
1237,0.562730322,0.31010074,0.127168937
1747,0.562730322,0.31010074,0.127168937
2655,0.6149468,0.246084091,0.138969108
16310,0.424748451,0.395716463,0.179535086
4173,0.813410458,0.097757375,0.088832167
17613,0.514416221,0.334667531,0.150916249
18062,0.813410458,0.097757375,0.088832167
4109,0.583021666,0.302945912,0.114032422
15881,0.813410458,0.097757375,0.088832167
17020,0.813410458,0.097757375,0.088832167
7642,0.559699124,0.268930766,0.17137011
9464,0.757884615,0.150773543,0.091341842
22,0.682373342,0.214165324,0.103461334
16394,0.567193502,0.312560241,0.120246257
12854,0.619165433,0.230255112,0.150579455
5073,0.562730322,0.31010074,0.127168937
2069,0.654064595,0.218754975,0.12718043
8545,0.802714011,0.109621976,0.087664013
10775,0.299298261,0.58314611,0.11755563
9744,0.63047799,0.268467623,0.101054387
17138,0.652136338,0.206485061,0.141378601
16619,0.724924641,0.195906686,0.079168673
195,0.567193502,0.312560241,0.120246257
10258,0.350426953,0.53643606,0.113136987
4347,0.577110607,0.289450473,0.13343892
17587,0.5410345,0.335529008,0.123436492
3019,0.419263845,0.231041448,0.349694707
18552,0.813410458,0.097757375,0.088832167
13223,0.567193502,0.312560241,0.120246257
7856,0.802714011,0.109621976,0.087664013
9830,0.583021666,0.302945912,0.114032422
10965,0.583021666,0.302945912,0.114032422
4677,0.193278363,0.181904703,0.624816934
12176,0.232019595,0.462984558,0.304995847
15210,0.352443939,0.534770375,0.112785686
3764,0.813410458,0.097757375,0.088832167
16846,0.46544526,0.408822545,0.125732195
771,0.564554319,0.188817843,0.246627837
13019,0.415283369,0.239686263,0.345030368
252,0.564803232,0.308630685,0.126566084
11064,0.583021666,0.302945912,0.114032422
18221,0.731798975,0.164884686,0.103316339
11502,0.567193502,0.312560241,0.120246257
14392,0.554294638,0.323816867,0.121888496
9541,0.617095675,0.249122294,0.133782031
3206,0.634350961,0.251031532,0.114617507
1994,0.571453041,0.206215184,0.222331775
17294,0.30064862,0.577544436,0.121806945
344,0.802714011,0.109621976,0.087664013
15404,0.813410458,0.097757375,0.088832167
521,0.693271391,0.220018765,0.086709844
876,0.813410458,0.097757375,0.088832167
7671,0.473787343,0.380015447,0.146197209
3351,0.813410458,0.097757375,0.088832167
11771,0.813410458,0.097757375,0.088832167
1511,0.405070448,0.356263316,0.238666236
9265,0.62731594,0.266049655,0.106634406
7982,0.759234556,0.14851727,0.092248174
14175,0.59890334,0.286332685,0.114763974
10039,0.674467149,0.232198694,0.093334157
14091,0.562730322,0.31010074,0.127168937
16518,0.760042675,0.147610964,0.092346362
10022,0.654064595,0.218754975,0.12718043
11564,0.674467149,0.232198694,0.093334157
7125,0.645013467,0.249721241,0.105265292
13985,0.583021666,0.302945912,0.114032422
16442,0.700877099,0.19285603,0.106266871
8894,0.760095564,0.156894763,0.083009673
12070,0.673196155,0.231761129,0.095042716
5222,0.678182436,0.230842187,0.090975377
5035,0.274635814,0.406092137,0.319272049
11720,0.731136095,0.189016882,0.079847023
2902,0.590421869,0.265989038,0.143589093
16663,0.740066718,0.163945526,0.095987756
5322,0.590421869,0.265989038,0.143589093
18013,0.306485543,0.359609796,0.333904661
7204,0.657551131,0.220789947,0.121658922
5241,0.38206975,0.253301145,0.364629104
10289,0.562730322,0.31010074,0.127168937
2841,0.764747055,0.136064112,0.099188833
799,0.678182436,0.230842187,0.090975377
1913,0.320115246,0.218962881,0.460921873
4910,0.561758683,0.36050399,0.077737327
451,0.418918786,0.47001231,0.111068904
10840,0.590421869,0.265989038,0.143589093
15308,0.449623842,0.378450782,0.171925376
10669,0.501508055,0.232242242,0.266249703
9628,0.765302562,0.151119111,0.083578327
1010,0.567193502,0.312560241,0.120246257
11501,0.619165433,0.230255112,0.150579455
12727,0.553732714,0.324225119,0.122042167
13407,0.813410458,0.097757375,0.088832167
11481,0.587120065,0.298169858,0.114710077
7183,0.257177933,0.447817606,0.295004461
1066,0.682373342,0.214165324,0.103461334
4010,0.813410458,0.097757375,0.088832167
13436,0.731798975,0.164884686,0.103316339
13848,0.813410458,0.097757375,0.088832167
15025,0.350426953,0.53643606,0.113136987
3313,0.404534748,0.480242467,0.115222785
13580,0.760042675,0.147610964,0.092346362
14183,0.567193502,0.312560241,0.120246257
11433,0.797178261,0.115762282,0.087059457
9442,0.673196155,0.231761129,0.095042716
15,0.813410458,0.097757375,0.088832167
10817,0.813410458,0.097757375,0.088832167
330,0.63047799,0.268467623,0.101054387
17999,0.813410458,0.097757375,0.088832167
6883,0.562730322,0.31010074,0.127168937
7946,0.33827491,0.429738813,0.231986277
2122,0.731136095,0.189016882,0.079847023
16053,0.760042675,0.147610964,0.092346362
889,0.802714011,0.109621976,0.087664013
3521,0.567193502,0.312560241,0.120246257
18229,0.239292413,0.196928031,0.563779557
11922,0.768565501,0.138052601,0.093381898
2870,0.755620329,0.161858737,0.082520935
4093,0.525399153,0.264174316,0.21042653
283,0.437718154,0.197194983,0.365086862
10344,0.638502415,0.258063915,0.10343367
531,0.813410458,0.097757375,0.088832167
2710,0.583021666,0.302945912,0.114032422
8826,0.422300283,0.337532591,0.240167126
10484,0.813410458,0.097757375,0.088832167
12881,0.218841855,0.193302488,0.587855658
5013,0.505208917,0.350893485,0.143897598
1189,0.662546869,0.228094901,0.10935823
7899,0.602792959,0.288581539,0.108625502
12413,0.740066718,0.163945526,0.095987756
11046,0.557332202,0.307126028,0.13554177
5834,0.562730322,0.31010074,0.127168937
14782,0.567193502,0.312560241,0.120246257
9994,0.673196155,0.231761129,0.095042716
147,0.33068003,0.349485335,0.319834635
2152,0.810560113,0.100919005,0.088520882
3478,0.49894004,0.207086056,0.293973904
8873,0.62454841,0.252130972,0.123320618
5577,0.295585387,0.498611177,0.205803436
12729,0.557332202,0.307126028,0.13554177
11488,0.631413924,0.267787642,0.100798434
17901,0.459013223,0.383654318,0.157332459
650,0.564803232,0.308630685,0.126566084
3127,0.813410458,0.097757375,0.088832167
3761,0.356212384,0.464910718,0.178876898
16587,0.240403781,0.219259061,0.540337157
11773,0.427926127,0.276599078,0.295474795
11000,0.631413924,0.267787642,0.100798434
10785,0.6149468,0.246084091,0.138969108
2280,0.363448868,0.269264575,0.367286557
13306,0.757884615,0.150773543,0.091341842
14185,0.813410458,0.097757375,0.088832167
18326,0.514052902,0.344621551,0.141325546
2544,0.760068369,0.147582148,0.092349484
6979,0.567193502,0.312560241,0.120246257
50,0.530087278,0.350120642,0.11979208
11525,0.552776702,0.304615653,0.142607645
13479,0.371983803,0.257435563,0.370580633
8865,0.562730322,0.31010074,0.127168937
14822,0.514052902,0.344621551,0.141325546
9763,0.759234556,0.14851727,0.092248174
2129,0.583021666,0.302945912,0.114032422
13332,0.624081845,0.254567759,0.121350396
7082,0.813410458,0.097757375,0.088832167
7783,0.523125344,0.338187602,0.138687054
7202,0.759234556,0.14851727,0.092248174
18223,0.424982938,0.407787747,0.167229315
6631,0.590421869,0.265989038,0.143589093
14666,0.802714011,0.109621976,0.087664013
4432,0.78475653,0.113459379,0.101784091
6566,0.634350961,0.251031532,0.114617507
11828,0.30581276,0.203027102,0.491160138
3485,0.714825916,0.197855782,0.087318301
17499,0.813410458,0.097757375,0.088832167
5855,0.390344352,0.419383097,0.19027255
15165,0.813410458,0.097757375,0.088832167
4574,0.579670959,0.279354542,0.140974499
9316,0.557332202,0.307126028,0.13554177
17011,0.793989829,0.107388231,0.09862194
12002,0.562730322,0.31010074,0.127168937
17674,0.731798975,0.164884686,0.103316339
232,0.813410458,0.097757375,0.088832167
5584,0.554294638,0.323816867,0.121888496
18310,0.463525797,0.387426037,0.149048166
5677,0.210060175,0.229653976,0.560285849
18145,0.813410458,0.097757375,0.088832167
3086,0.554294638,0.323816867,0.121888496
15184,0.48401662,0.162793402,0.353189979
16348,0.621605974,0.27491338,0.103480646
17675,0.700877099,0.19285603,0.106266871
3074,0.813410458,0.097757375,0.088832167
3355,0.619165433,0.230255112,0.150579455
9764,0.562730322,0.31010074,0.127168937
4951,0.567030184,0.257653909,0.175315908
11942,0.793989829,0.107388231,0.09862194
3983,0.562730322,0.31010074,0.127168937
3344,0.424748451,0.395716463,0.179535086
8511,0.375649707,0.261020863,0.36332943
14693,0.631413924,0.267787642,0.100798434
16480,0.742935513,0.168111875,0.088952612
13782,0.631413924,0.267787642,0.100798434
4869,0.602792959,0.288581539,0.108625502
1459,0.757884615,0.150773543,0.091341842
10674,0.521094901,0.216281475,0.262623624
16104,0.813410458,0.097757375,0.088832167
16927,0.760042675,0.147610964,0.092346362
11812,0.265813279,0.172650385,0.561536337
12488,0.590421869,0.265989038,0.143589093
6612,0.813410458,0.097757375,0.088832167
10000,0.583021666,0.302945912,0.114032422
10605,0.750168798,0.161075777,0.088755424
18523,0.547761132,0.328563633,0.123675235
11708,0.757884615,0.150773543,0.091341842
12948,0.764747055,0.136064112,0.099188833
7825,0.759234556,0.14851727,0.092248174
14772,0.797178261,0.115762282,0.087059457
15734,0.567193502,0.312560241,0.120246257
17023,0.309697762,0.108401095,0.581901143
15114,0.668547455,0.230087489,0.101365055
4467,0.567030184,0.257653909,0.175315908
16520,0.54864575,0.37274129,0.07861296
17367,0.554294638,0.323816867,0.121888496
4580,0.654064595,0.218754975,0.12718043
6154,0.679706672,0.214580836,0.105712492
1088,0.558834029,0.307953631,0.13321234
15595,0.716065632,0.198198921,0.085735447
10063,0.54616951,0.329719989,0.124110501
7395,0.567193502,0.312560241,0.120246257
2509,0.562730322,0.31010074,0.127168937
15619,0.813410458,0.097757375,0.088832167
10987,0.399944783,0.486139782,0.113915435
4564,0.631132714,0.235065777,0.133801509
17483,0.724924641,0.195906686,0.079168673
16410,0.410340292,0.248512083,0.341147624
14723,0.562730322,0.31010074,0.127168937
1036,0.562730322,0.31010074,0.127168937
4405,0.813410458,0.097757375,0.088832167
7491,0.562730322,0.31010074,0.127168937
14451,0.315000044,0.565692618,0.119307338
18335,0.226432673,0.170657262,0.602910066
15069,0.257242795,0.217048196,0.525709009
2328,0.441880119,0.403057915,0.155061966
17635,0.256754263,0.174780691,0.568465046
16784,0.797178261,0.115762282,0.087059457
230,0.63047799,0.268467623,0.101054387
8896,0.608420611,0.275714607,0.115864782
14835,0.307211782,0.572124388,0.12066383
9983,0.631413924,0.267787642,0.100798434
12133,0.617095675,0.249122294,0.133782031
10893,0.700877099,0.19285603,0.106266871
10904,0.567193502,0.312560241,0.120246257
3087,0.562730322,0.31010074,0.127168937
1254,0.802714011,0.109621976,0.087664013
3402,0.227557057,0.283759641,0.488683302
16362,0.272812362,0.180866671,0.546320967
14681,0.769696948,0.136783681,0.093519371
16420,0.673196155,0.231761129,0.095042716
1559,0.813410458,0.097757375,0.088832167
8700,0.813410458,0.097757375,0.088832167
15452,0.567193502,0.312560241,0.120246257
13565,0.769325854,0.137199864,0.093474282
628,0.716065632,0.198198921,0.085735447
5344,0.409650164,0.246806361,0.343543475
15163,0.562730322,0.31010074,0.127168937
10766,0.622994302,0.251503577,0.12550212
16380,0.619165433,0.230255112,0.150579455
7770,0.784806681,0.113402723,0.101790596
5412,0.567193502,0.312560241,0.120246257
12885,0.567193502,0.312560241,0.120246257
11332,0.813410458,0.097757375,0.088832167
17718,0.624907362,0.286867397,0.088225241
2780,0.759234556,0.14851727,0.092248174
7411,0.583021666,0.302945912,0.114032422
4038,0.567193502,0.312560241,0.120246257
219,0.719265427,0.19461601,0.086118562
382,0.693271391,0.220018765,0.086709844
5134,0.267298197,0.645088791,0.087613012
8782,0.265178267,0.426544356,0.308277377
13297,0.654064595,0.218754975,0.12718043
5655,0.303838211,0.492769518,0.203392272
12,0.567193502,0.312560241,0.120246257
18437,0.802714011,0.109621976,0.087664013
15061,0.554294638,0.323816867,0.121888496
17179,0.217758633,0.285047413,0.497193954
15394,0.567030184,0.257653909,0.175315908
13302,0.60607937,0.266758843,0.127161787
16908,0.760042675,0.147610964,0.092346362
11829,0.731798975,0.164884686,0.103316339
18236,0.391156717,0.449539981,0.159303302
14617,0.567193502,0.312560241,0.120246257
1837,0.75564807,0.150492442,0.093859488
13734,0.418436071,0.38983554,0.191728389
14894,0.562730322,0.31010074,0.127168937
12703,0.631413924,0.267787642,0.100798434
17190,0.427536643,0.437814706,0.13464865
14704,0.273127026,0.208584668,0.518288306
11412,0.813410458,0.097757375,0.088832167
8880,0.242161356,0.47631909,0.281519555
10855,0.434698462,0.381904007,0.18339753
2636,0.35351181,0.244651813,0.401836377
15890,0.567193502,0.312560241,0.120246257
11288,0.67575391,0.209053915,0.115192174
2037,0.673196155,0.231761129,0.095042716
13921,0.813410458,0.097757375,0.088832167
5640,0.673196155,0.231761129,0.095042716
11354,0.674467149,0.232198694,0.093334157
17161,0.673329346,0.231806983,0.094863672
14317,0.813410458,0.097757375,0.088832167
13513,0.439666177,0.303872875,0.256460948
18208,0.544213047,0.141918936,0.313868017
2020,0.657278692,0.23624599,0.106475318
4801,0.491877759,0.419621926,0.088500315
12728,0.813410458,0.097757375,0.088832167
9614,0.307211782,0.572124388,0.12066383
1259,0.278746622,0.345272281,0.375981097
9799,0.678182436,0.230842187,0.090975377
595,0.240478925,0.13909258,0.620428495
13916,0.644526415,0.221365577,0.134108008
2072,0.221540602,0.172526178,0.60593322
3373,0.797178261,0.115762282,0.087059457
9684,0.583021666,0.302945912,0.114032422
9159,0.356820246,0.230739688,0.412440065
13478,0.655527494,0.244291302,0.100181203
14729,0.78475653,0.113459379,0.101784091
10918,0.562730322,0.31010074,0.127168937
11611,0.562730322,0.31010074,0.127168937
17819,0.567193502,0.312560241,0.120246257
17274,0.310203959,0.225003626,0.464792415
253,0.257697904,0.148464158,0.593837939
10504,0.7416011,0.167809923,0.090588977
13012,0.507351205,0.324067533,0.168581262
15828,0.813410458,0.097757375,0.088832167
18056,0.813410458,0.097757375,0.088832167
11009,0.759234556,0.14851727,0.092248174
13653,0.731136095,0.189016882,0.079847023
8329,0.567030184,0.257653909,0.175315908
156,0.567193502,0.312560241,0.120246257
18014,0.63047799,0.268467623,0.101054387
2014,0.264272126,0.631929489,0.103798385
1122,0.673196155,0.231761129,0.095042716
17329,0.307211782,0.572124388,0.12066383
2877,0.745765786,0.132526284,0.121707929
10125,0.674467149,0.232198694,0.093334157
5972,0.627644995,0.236285956,0.136069049
4957,0.616645896,0.246764021,0.136590083
8501,0.487660724,0.282854407,0.229484868
18417,0.338926456,0.453238382,0.207835162
4012,0.732532788,0.14791889,0.119548323
13575,0.813410458,0.097757375,0.088832167
14546,0.567193502,0.312560241,0.120246257
12403,0.813410458,0.097757375,0.088832167
236,0.813410458,0.097757375,0.088832167
15805,0.567193502,0.312560241,0.120246257
1052,0.750834058,0.159267628,0.089898315
15084,0.562730322,0.31010074,0.127168937
11239,0.590421869,0.265989038,0.143589093
6191,0.583021666,0.302945912,0.114032422
11792,0.673196155,0.231761129,0.095042716
16090,0.567193502,0.312560241,0.120246257
8843,0.813410458,0.097757375,0.088832167
12914,0.63047799,0.268467623,0.101054387
8345,0.567193502,0.312560241,0.120246257
16801,0.712582352,0.197570521,0.089847127
14459,0.536193155,0.298025212,0.165781633
13139,0.583021666,0.302945912,0.114032422
7026,0.562730322,0.31010074,0.127168937
6008,0.557332202,0.307126028,0.13554177
18090,0.813410458,0.097757375,0.088832167
18514,0.583021666,0.302945912,0.114032422
267,0.307786432,0.394521685,0.297691883
9410,0.756291375,0.151818052,0.091890573
1202,0.583021666,0.302945912,0.114032422
4346,0.764747055,0.136064112,0.099188833
3589,0.693271391,0.220018765,0.086709844
6613,0.562730322,0.31010074,0.127168937
10139,0.567193502,0.312560241,0.120246257
554,0.372306602,0.522013854,0.105679544
13876,0.75478665,0.127823921,0.117389429
8173,0.274635814,0.406092137,0.319272049
15205,0.813410458,0.097757375,0.088832167
3010,0.645870888,0.214108817,0.140020296
14580,0.567193502,0.312560241,0.120246257
8113,0.813410458,0.097757375,0.088832167
9485,0.587120065,0.298169858,0.114710077
18517,0.620280624,0.248218535,0.131500842
15395,0.760042675,0.147610964,0.092346362
3223,0.673196155,0.231761129,0.095042716
13016,0.649061313,0.254966342,0.095972345
9819,0.759234556,0.14851727,0.092248174
12485,0.813410458,0.097757375,0.088832167
12664,0.631413924,0.267787642,0.100798434
10761,0.307211782,0.572124388,0.12066383
4787,0.698788431,0.214850614,0.086360955
2376,0.274635814,0.406092137,0.319272049
9858,0.562730322,0.31010074,0.127168937
18112,0.673196155,0.231761129,0.095042716
5833,0.307211782,0.572124388,0.12066383
14234,0.639096047,0.258879151,0.102024802
12547,0.562730322,0.31010074,0.127168937
1683,0.484518356,0.119763081,0.395718563
3177,0.267055766,0.473564144,0.25938009
5131,0.545234033,0.353887751,0.100878216
2989,0.425810078,0.43671514,0.137474783
18268,0.562730322,0.31010074,0.127168937
8165,0.316692865,0.472924314,0.21038282
14193,0.554294638,0.323816867,0.121888496
14202,0.700877099,0.19285603,0.106266871
8788,0.768565501,0.138052601,0.093381898
1273,0.631413924,0.267787642,0.100798434
1013,0.745765786,0.132526284,0.121707929
10073,0.295585387,0.498611177,0.205803436
5234,0.813410458,0.097757375,0.088832167
354,0.583021666,0.302945912,0.114032422
17030,0.631413924,0.267787642,0.100798434
17496,0.631413924,0.267787642,0.100798434
13772,0.567193502,0.312560241,0.120246257
7863,0.492935613,0.366662569,0.140401818
18447,0.233040029,0.198546615,0.568413356
10466,0.328730462,0.238441656,0.432827882
9902,0.813410458,0.097757375,0.088832167
1093,0.441880119,0.403057915,0.155061966
16271,0.631413924,0.267787642,0.100798434
4584,0.756291375,0.151818052,0.091890573
3335,0.562730322,0.31010074,0.127168937
10695,0.274635814,0.406092137,0.319272049
9569,0.562730322,0.31010074,0.127168937
791,0.745781512,0.168755869,0.085462618
101,0.545234033,0.353887751,0.100878216
9332,0.674467149,0.232198694,0.093334157
10287,0.484963837,0.275367365,0.239668799
6086,0.583021666,0.302945912,0.114032422
16461,0.427912306,0.398664065,0.173423629
12443,0.251128938,0.374961561,0.373909501
7440,0.642547484,0.259698813,0.097753703
9773,0.296184309,0.397533114,0.306282577
8518,0.784941059,0.113250916,0.101808025
9030,0.560292966,0.198490638,0.241216396
1461,0.562730322,0.31010074,0.127168937
15802,0.813410458,0.097757375,0.088832167
10281,0.583021666,0.302945912,0.114032422
3712,0.619165433,0.230255112,0.150579455
14320,0.742935513,0.168111875,0.088952612
7285,0.719265427,0.19461601,0.086118562
8532,0.553732714,0.324225119,0.122042167
13861,0.590421869,0.265989038,0.143589093
15669,0.562730322,0.31010074,0.127168937
9515,0.813410458,0.097757375,0.088832167
5699,0.604513333,0.248470566,0.147016101
13087,0.38206975,0.253301145,0.364629104
2036,0.386453502,0.256504143,0.357042355
13603,0.813410458,0.097757375,0.088832167
1649,0.762827727,0.145234677,0.091937596
11935,0.813410458,0.097757375,0.088832167
18051,0.502115853,0.136686412,0.361197735
2127,0.583021666,0.302945912,0.114032422
9765,0.345861711,0.240322622,0.413815667
655,0.375707139,0.522360323,0.101932538
12963,0.638502415,0.258063915,0.10343367
13450,0.731136095,0.189016882,0.079847023
16279,0.595643748,0.269749355,0.134606897
17945,0.553732714,0.324225119,0.122042167
8823,0.530087278,0.350120642,0.11979208
1772,0.183499223,0.151105468,0.665395309
17523,0.316420649,0.44856716,0.235012192
12404,0.335440435,0.302316978,0.362242586
6179,0.813410458,0.097757375,0.088832167
13531,0.673196155,0.231761129,0.095042716
3588,0.693271391,0.220018765,0.086709844
9429,0.554294638,0.323816867,0.121888496
7175,0.562730322,0.31010074,0.127168937
7452,0.485481745,0.384795837,0.129722418
1200,0.535436615,0.334346566,0.13021682
12298,0.768938534,0.137634244,0.093427222
6189,0.307211782,0.572124388,0.12066383
1181,0.6564578,0.231639331,0.111902869
10469,0.438624528,0.473771546,0.087603927
5760,0.813410458,0.097757375,0.088832167
16232,0.725476081,0.185904666,0.088619253
11345,0.307211782,0.572124388,0.12066383
4602,0.813410458,0.097757375,0.088832167
7363,0.675866205,0.227188244,0.096945551
10688,0.21029799,0.442111402,0.347590608
13870,0.28934437,0.378753592,0.331902037
915,0.624081845,0.254567759,0.121350396
8260,0.802714011,0.109621976,0.087664013
7376,0.813410458,0.097757375,0.088832167
1862,0.813410458,0.097757375,0.088832167
16179,0.363262103,0.538608761,0.098129136
512,0.583021666,0.302945912,0.114032422
12553,0.813410458,0.097757375,0.088832167
17710,0.642547484,0.259698813,0.097753703
5309,0.315000044,0.565692618,0.119307338
2800,0.621605974,0.27491338,0.103480646
16338,0.673196155,0.231761129,0.095042716
6193,0.636186339,0.27399604,0.089817621
11749,0.616645896,0.246764021,0.136590083
5076,0.500008506,0.34689761,0.153093884
14174,0.567193502,0.312560241,0.120246257
1870,0.300491907,0.408871493,0.290636599
10919,0.813410458,0.097757375,0.088832167
7089,0.583021666,0.302945912,0.114032422
2023,0.292120386,0.584404511,0.123475103
17572,0.688878967,0.213864198,0.097256836
15937,0.666848742,0.203484998,0.12966626
9940,0.252832508,0.202429832,0.54473766
13047,0.697569816,0.214475937,0.087954247
7548,0.645985394,0.249368736,0.104645869
10373,0.319484242,0.489184115,0.191331643
930,0.740066718,0.163945526,0.095987756
10215,0.765302562,0.151119111,0.083578327
744,0.567193502,0.312560241,0.120246257
16854,0.583021666,0.302945912,0.114032422
12956,0.802714011,0.109621976,0.087664013
14205,0.63047799,0.268467623,0.101054387
1894,0.674467149,0.232198694,0.093334157
6549,0.643576419,0.265562619,0.090860963
6430,0.473787343,0.380015447,0.146197209
5999,0.567193502,0.312560241,0.120246257
15999,0.554294638,0.323816867,0.121888496
16236,0.642547484,0.259698813,0.097753703
16282,0.627644995,0.236285956,0.136069049
2487,0.242569372,0.159357915,0.598072712
3969,0.274635814,0.406092137,0.319272049
117,0.562730322,0.31010074,0.127168937
14122,0.797178261,0.115762282,0.087059457
14135,0.562730322,0.31010074,0.127168937
1637,0.767281224,0.138992889,0.093725887
7707,0.631132714,0.235065777,0.133801509
4528,0.678182436,0.230842187,0.090975377
6200,0.813410458,0.097757375,0.088832167
